$ 1 0.000005 10.20027730826997 29 5 43
r 0 128 48 128 0 10000
r 0 32 0 128 0 10000
r -160 144 -32 144 0 10000
r 80 32 80 112 0 1000
r 80 112 144 176 0 1000
r 192 176 192 208 0 10000
d -144 32 -144 80 2 default
d -128 80 -128 32 2 default
d -112 32 -112 80 2 default
d -96 80 -96 32 2 default
w -144 80 -128 80 0
w -128 32 -112 32 0
w -112 80 -96 80 0
w -96 32 0 32 0
t -32 144 0 144 0 1 -5.19171905949069 1.0519171903302032e-9 160
g -160 192 -160 240 0
w -160 192 0 192 0
w 0 160 0 192 0
R -144 32 -192 32 0 0 40 12 0 0 0.5
R -160 144 -192 144 4 5 1000 5 0 0 0.01
t 48 128 80 128 0 1 0.5683941388822813 0.6560792559024179 100
w 0 32 80 32 0
c 144 176 144 208 0 0.000009999999999999999 0.12627429979979585
w 144 176 192 176 0
w 144 208 192 208 0
w 144 208 0 208 0
w 0 192 0 208 0
368 80 32 128 32 0 0
w 80 144 0 192 0
w 192 176 272 176 0
368 272 176 384 176 0 0
o 30 64 0 4099 10 12.8 0 2 30 3
o 27 64 0 4099 20 12.8 1 2 27 3
38 19 3 1 1000 Frequency
38 19 5 1 100 Duty\sCycle
